Label F218W1 F225W1 F275W1 F336W F390W F438W F475W F555W F606W F625W F775W F814W F105W F110W F125W F140W F160W 
 1.00    3.99349    3.89448    3.58062    3.15507    3.24678    3.21245    3.09936    2.98392    2.88692    2.82097    2.67112    2.65731    2.56845    2.53007    2.47433    2.42446    2.38483
1.9713063185112423	13344.808826520608	2.9563269421664846	0.008	1
 1.00   -0.06302   -0.05861   -0.03155    0.14256    0.65616    0.81921    0.84038    0.86347    0.87586    0.88965    0.92681    0.93890    1.02817    1.03618    1.05166    1.06187    1.07303
0.4407180510873381	6819.881651207464	1.2453357322049077	0.008	1
 1.00    5.58215    5.39683    4.80006    4.02378    4.24438    4.22924    4.04023    3.85279    3.68646    3.57937    3.32195    3.29296    3.13511    3.06536    2.97238    2.87473    2.79126
0.6279594459655495	7305.052703001614	1.371183241218663	0.008	1
 1.00    4.67455    4.54028    4.10486    3.51871    3.67675    3.65606    3.50830    3.35874    3.22713    3.14040    2.93594    2.91491    2.79423    2.74004    2.66514    2.59178    2.53129
0.8598663247897117	8186.768591594777	1.5533180830267665	0.008	1
 1.00    3.59459    3.51512    3.26658    2.93237    2.98570    2.94287    2.85334    2.76138    2.68795    2.63646    2.52283    2.51311    2.44279    2.41455    2.37180    2.33621    2.30848
-0.4568966264912314	5175.5752959385945	0.8022256123766126	0.008	1
 0.00   12.08136   11.39118    9.62338    7.50223    7.50111    7.15178    6.72888    6.32796    6.01025    5.80480    5.34945    5.28402    4.93306    4.79957    4.63807    4.44323    4.26048
3.064565673069669	19065.763900473517	5.711118297199529	0.008	1
 1.00   -2.77034   -2.74421   -2.60504   -2.21757   -1.37312   -1.06847   -1.01983   -0.96580   -0.93243   -0.89949   -0.81734   -0.79299   -0.61943   -0.60377   -0.57307   -0.55247   -0.52987
0.3458913307760121	6638.286699753991	1.18634730886643	0.008	1
 1.00    6.03800    5.82450    5.15079    4.29344    4.53214    4.51366    4.30531    4.10126    3.92144    3.80650    3.52920    3.49700    3.32327    3.24764    3.14797    3.04095    2.94825
-0.17124453274444038	5744.224473505673	0.919559927478774	0.008	1
 0.50    9.44036    8.95493    7.58648    6.09030    6.28110    6.12593    5.78772    5.47425    5.21734    5.05434    4.67437    4.62396    4.35645    4.25018    4.11662    3.96296    3.82262
-0.11543173309295435	5852.255936521358	0.9446241471869229	0.008	1
 0.50    8.95251    8.51575    7.25166    5.85303    6.06629    5.93962    5.61798    5.31934    5.07262    4.91641    4.54948    4.50156    4.24720    4.14505    4.01593    3.86837    3.73430
0.009579511828712873	6082.090545384954	1.0036311757325511	0.008	1
 0.50    7.95330    7.60941    6.56518    5.35974    5.60700    5.53287    5.24829    4.98096    4.75541    4.61284    4.27332    4.23057    4.00335    3.90980    3.79008    3.65537    3.53451
2.8862504721288635	18129.516269050906	5.153460516736687	0.008	1
 1.00   -2.34420   -2.32053   -2.19628   -1.83560   -1.02799   -0.74201   -0.69713   -0.64740   -0.61699   -0.58683   -0.51112   -0.48826   -0.32539   -0.31084   -0.28236   -0.26324   -0.24219
0.5663019015219801	7126.4289288259915	1.32930166891622	0.008	1
 1.00    4.97189    4.82148    4.33266    3.68084    3.86325    3.84608    3.68439    3.52170    3.37751    3.28337    3.05948    3.03562    2.90209    2.84221    2.76062    2.67847    2.60981
-0.07532639814188569	5927.933740558786	0.9631260099183238	0.008	1
 0.50    8.61542    8.21158    7.02124    5.68831    5.91518    5.80728    5.49773    5.20950    4.96988    4.81829    4.46048    4.41430    4.16909    4.06981    3.94381    3.80051    3.67082
0.6245363055490146	7294.228498476813	1.3687030972304388	0.008	1
 1.00    4.69087    4.55574    4.11740    3.52751    3.68706    3.66665    3.51810    3.36778    3.23541    3.14824    2.94259    2.92139    2.79998    2.74545    2.67013    2.59624    2.53528
0.8894521929834569	8314.895381286166	1.5786980798397285	0.008	1
 1.00    3.46619    3.39285    3.16406    2.85787    2.90029    2.85515    2.77386    2.69006    2.62454    2.57795    2.47599    2.46749    2.40302    2.37800    2.33951    2.30832    2.28420
1.6508833706353419	11787.194106575616	2.437928368029637	0.008	1
 1.00    0.82957    0.82163    0.81266    0.90738    1.24603    1.34792    1.35820    1.36940    1.37453    1.38161    1.40194    1.40853    1.46018    1.46529    1.47483    1.48094    1.48739
1.3607846708131133	10444.540278191142	2.057394325928683	0.008	1
 1.00    1.72803    1.70312    1.64680    1.64232    1.80635    1.84036    1.83455    1.82834    1.82359    1.82129    1.81914    1.82111    1.83245    1.83295    1.83334    1.83391    1.83512
0.6835825432484733	7491.095054947939	1.4122937093885994	0.008	1
 1.00    4.40734    4.28712    3.89990    3.37600    3.50889    3.48344    3.34884    3.21207    3.09324    3.01414    2.82978    2.81151    2.70311    2.65478    2.58688    2.52236    2.46987
1.9889897370490912	13439.452786042812	2.9891052563544993	0.008	1
 1.00   -0.11021   -0.10525   -0.07611    0.10247    0.62496    0.79118    0.81291    0.83662    0.84941    0.86357    0.90161    0.91400    1.00524    1.01340    1.02918    1.03960    1.05102
-0.28124260456359323	5525.2507087511485	0.8723377082845376	0.008	1
 0.50   10.50570    9.91395    8.33170    6.60311    6.73136    6.50465    6.13459    5.78971    5.51119    5.33289    4.92620    4.87051    4.57404    4.45825    4.31466    4.14695    3.99224
2.1548431914702877	14260.011045547366	3.304937794822204	0.008	1
 1.00   -0.54479   -0.53549   -0.48869   -0.27277    0.32055    0.51326    0.53974    0.56867    0.58483    0.60204    0.64750    0.66230    0.76956    0.77895    0.79724    0.80944    0.82293
1.2720998565734571	10048.909008643634	1.9563503838586158	0.008	1
 1.00    2.02266    1.99150    1.91485    1.86969    1.98821    1.99986    1.98639    1.97204    1.96254    1.95591    1.94401    1.94473    1.94319    1.94144    1.93773    1.93570    1.93470
0.3509578520466562	6647.230942473456	1.1894085110609964	0.008	1
 1.00    6.01383    5.80185    5.13214    4.27890    4.51679    4.49856    4.29121    4.08802    3.90886    3.79432    3.51799    3.48596    3.31304    3.23770    3.13835    3.03180    2.93956
0.8345652736578961	8079.16792633629	1.5320193731708422	0.008	1
 1.00    3.70592    3.62108    3.35496    2.99595    3.05931    3.01864    2.92218    2.82333    2.74313    2.68747    2.56369    2.55287    2.47744    2.44639    2.39997    2.36048    2.32955
3.215103317547163	19811.672678780546	6.20228104462848	0.008	1
 1.00   -3.13003   -3.10226   -2.95245   -2.54572   -1.67435   -1.35523   -1.30380   -1.24654   -1.21097   -1.17591   -1.08883   -1.06338   -0.88180   -0.86527   -0.83285   -0.81109   -0.78728
0.7645085587493895	7793.179211430412	1.474934172881112	0.008	1
 1.00    4.02305    3.92258    3.60373    3.17127    3.26597    3.23231    3.11759    3.00051    2.90183    2.83485    2.68236    2.66824    2.57799    2.53886    2.48218    2.43124    2.39069
3.4735384590190006	20911.78507531367	7.087855838485221	0.008	1
 4.00   -3.61351   -3.62072   -3.48672   -3.07264   -2.26466   -1.85701   -1.79518   -1.72565   -1.69013   -1.64955   -1.56516   -1.54933   -1.35916   -1.34201   -1.30411   -1.28839   -1.27371
0.15991313228201093	6334.701376761264	1.0805218493177393	0.008	1
 0.50    6.99542    6.72147    5.87548    4.84996    5.10646    5.06896    4.82199    4.58576    4.38184    4.25262    3.94171    3.90396    3.70236    3.61710    3.50659    3.38450    3.27661
3.4969688877149125	21024.046211829005	7.1799667353072	0.008	1
 4.00   -3.66648   -3.67416   -3.54034   -3.12486   -2.31045   -1.90153   -1.83986   -1.77050   -1.73520   -1.69477   -1.61028   -1.59421   -1.40313   -1.38584   -1.34768   -1.33175   -1.31688
-0.0942269687442646	5892.493635756847	0.9543540749464594	0.008	1
 0.50    8.77312    8.35424    7.12873    5.76514    5.98599    5.86945    5.55412    5.26097    5.01801    4.86426    4.50215    4.45515    4.20560    4.10496    3.97747    3.83215    3.70038
0.18231917576502601	6370.542172455977	1.0926279000028116	0.008	1
 0.50    6.87025    6.60409    5.78255    4.78022    5.03575    5.00165    4.75959    4.52745    4.32650    4.19908    3.89217    3.85509    3.65683    3.57269    3.46342    3.34305    3.23691
-0.45543874337261003	5178.409140455416	0.8027835731716703	0.008	1
 0.00   12.06899   11.37872    9.61182    7.49439    7.49447    7.14621    6.72374    6.32332    6.00597    5.80077    5.34585    5.28051    4.93003    4.79669    4.63535    4.44074    4.25824
0.28414318039153175	6533.796737200259	1.1498251907103068	0.008	1
 1.00    6.33510    6.10210    5.37944    4.47317    4.72000    4.69760    4.47691    4.26259    4.07487    3.95535    3.66659    3.63249    3.44914    3.37011    3.26659    3.15412    3.05597
0.831489535447546	8066.225828949913	1.5294552946243423	0.008	1
 1.00    3.71969    3.63416    3.36581    3.00366    3.06834    3.02796    2.93067    2.83100    2.74998    2.69381    2.56878    2.55781    2.48174    2.45034    2.40347    2.36349    2.33214
1.9098581667621235	13047.850996174306	2.8491385513888803	0.008	1
 1.00    0.10086    0.10347    0.12405    0.28402    0.76899    0.92163    0.94097    0.96205    0.97316    0.98580    1.02010    1.03124    1.11419    1.12173    1.13623    1.14576    1.15611
0.11224653751756442	6257.230319279549	1.05535664251979	0.008	1
 0.50    7.27639    6.98322    6.08135    5.00423    5.26053    5.21385    4.95579    4.71040    4.49999    4.36681    4.04724    4.00801    3.79895    3.71125    3.59801    3.47219    3.36048
2.1177104939741422	14083.371025678922	3.232452479498699	0.008	1
 1.00   -0.44961   -0.44114   -0.39819   -0.19011    0.38957    0.57690    0.60238    0.63022    0.64566    0.66223    0.70614    0.72047    0.82453    0.83366    0.85143    0.86326    0.87633
0.9194120234665227	8446.758368821229	1.6049314262290486	0.008	1
 1.00    3.34081    3.27317    3.06222    2.78176    2.81577    2.76919    2.69643    2.62103    2.56332    2.52161    2.43071    2.42330    2.36440    2.34240    2.30801    2.28085    2.25996
-0.0014086003021458213	6062.601118460784	0.9982790070491198	0.008	1
 0.50    8.03296    7.68274    6.62095    5.39992    5.64551    5.56771    5.28003    5.01013    4.78285    4.63918    4.29738    4.25422    4.02483    3.93058    3.81007    3.67430    3.55235
-0.2529293504884158	5582.080828922989	0.884229688635532	0.008	1
 0.50   10.22096    9.65617    8.12812    6.46537    6.61203    6.40531    6.04342    5.70709    5.43454    5.26053    4.86110    4.80684    4.51820    4.40496    4.26404    4.10004    3.94915
1.9105691013526553	13051.58201175943	2.8503933009478177	0.008	1
 1.00    0.09894    0.10158    0.12223    0.28239    0.76773    0.92050    0.93986    0.96096    0.97210    0.98475    1.01909    1.03024    1.11327    1.12081    1.13533    1.14486    1.15523
1.2948174278345432	10154.620907950128	1.982272789756324	0.008	1
 1.00    1.94544    1.91600    1.84509    1.81132    1.94159    1.95927    1.94802    1.93601    1.92789    1.92251    1.91337    1.91442    1.91637    1.91527    1.91272    1.91144    1.91106
-0.17561142029186597	5735.659162921469	0.917631339878094	0.008	1
 0.50    9.48100    8.99127    7.61434    6.10984    6.29849    6.14072    5.80124    5.48659    5.22887    5.06532    4.68435    4.63374    4.36513    4.25851    4.12457    3.97037    3.82948
1.026913994506832	8931.798949389755	1.703667396924435	0.008	1
 1.00    2.91167    2.85909    2.70053    2.50310    2.53348    2.49292    2.44607    2.39667    2.36176    2.33514    2.27762    2.27333    2.23318    2.22012    2.19846    2.18278    2.17090
1.9894778464910654	13442.073154268623	2.9900159748468003	0.008	1
 1.00   -0.11151   -0.10654   -0.07734    0.10136    0.62409    0.79041    0.81215    0.83588    0.84868    0.86285    0.90091    0.91331    1.00461    1.01277    1.02855    1.03898    1.05041
-0.23620139898562875	5615.553531798766	0.8913393514427266	0.008	1
 0.50   10.05448    9.50588    8.00979    6.38485    6.54201    6.34680    5.98981    5.65846    5.38938    5.21785    4.82265    4.76922    4.48515    4.37339    4.23402    4.07220    3.92353
-0.1501459881284184	5785.3928109594035	0.9289434979821777	0.008	1
 0.50    9.25228    8.78574    7.45737    5.99922    6.19907    6.05515    5.72320    5.41540    5.16238    5.00201    4.62701    4.57756    4.31512    4.21046    4.07862    3.92733    3.78943
0.2674360645212416	6506.580406362503	1.1401874948259845	0.008	1
 1.00    6.41526    6.17694    5.44120    4.52200    4.77080    4.74723    4.52324    4.30619    4.11640    3.99567    3.70392    3.66931    3.48342    3.40349    3.29897    3.18507    3.08549
2.8011085901191297	17660.997819301672	4.89722747849944	0.008	1
 1.00   -2.14032   -2.11806   -2.00192   -1.65577   -0.86807   -0.59171   -0.54879   -0.50130   -0.47246   -0.44373   -0.37136   -0.34931   -0.19208   -0.17811   -0.15076   -0.13240   -0.11216
1.8791484831409766	12887.493625828909	2.795546452897678	0.008	1
 1.00    0.18384    0.18541    0.20240    0.35458    0.82343    0.97038    0.98871    1.00869    1.01911    1.03110    1.06383    1.07443    1.15385    1.16112    1.17510    1.18424    1.19415
1.9971748786360712	13483.450687961305	3.0044196997324315	0.008	1
 1.00   -0.13205   -0.12684   -0.09673    0.08391    0.61050    0.77820    0.80019    0.82418    0.83716    0.85149    0.88994    0.90247    0.99462    1.00285    1.01876    1.02929    1.04082
0.9812165331399437	8723.854328147965	1.660795225527104	0.008	1
 1.00    3.09092    3.03325    2.85446    2.62259    2.64898    2.60310    2.54668    2.48748    2.44429    2.41190    2.34141    2.33592    2.28795    2.27146    2.24479    2.22478    2.20953
0.7354588776292752	7680.8268698366155	1.452051639028776	0.008	1
 1.00    4.15972    4.05231    3.70943    3.24438    3.35285    3.32225    3.20030    3.07602    2.96993    2.89848    2.73426    2.71866    2.62192    2.57942    2.51860    2.46273    2.41791
-0.06577886532911133	5945.675907641024	0.9675932639136547	0.008	1
 0.50    8.53682    8.14052    6.96760    5.64981    5.87961    5.77597    5.46932    5.18355    4.94558    4.79507    4.43940    4.39363    4.15056    4.05196    3.92669    3.78440    3.65575
0.7354512414689323	7680.7978818537995	1.4520456832070359	0.008	1
 1.00    4.15975    4.05234    3.70946    3.24440    3.35287    3.32228    3.20032    3.07604    2.96995    2.89850    2.73427    2.71867    2.62193    2.57943    2.51861    2.46274    2.41792
1.8022078110762876	12518.223104354973	2.6695837357460097	0.008	1
 1.00    0.39637    0.39516    0.40397    0.53789    0.96586    1.09854    1.11439    1.13166    1.14041    1.15087    1.17975    1.18905    1.25972    1.26634    1.27897    1.28717    1.29598
-0.039615795535540066	5993.816979612728	0.9799327744898206	0.008	1
 0.50    8.32473    7.94888    6.82268    5.54533    5.78276    5.69049    5.39170    5.11255    4.87904    4.73140    4.38149    4.33682    4.09951    4.00272    3.87943    3.73984    3.61397
0.09011529482067172	6220.502778984658	1.043936868713018	0.008	1
 0.50    7.41224    7.10943    6.17998    5.07772    5.33322    5.28168    5.01828    4.76846    4.55494    4.41986    4.09616    4.05622    3.84355    3.75467    3.64013    3.51253    3.39898
2.2798817158640334	14912.818778825556	3.5693212375427863	0.008	1
 1.00   -0.86344   -0.85123   -0.79025   -0.54608    0.09480    0.30622    0.33618    0.36899    0.38773    0.40728    0.45830    0.47477    0.59333    0.60365    0.62380    0.63729    0.65225
-0.17341377282925985	5739.971485807034	0.9186013288064984	0.008	1
 0.50    9.46054    8.97296    7.60031    6.10000    6.28974    6.13328    5.79443    5.48038    5.22307    5.05980    4.67933    4.62882    4.36076    4.25432    4.12057    3.96664    3.82603
0.08452875652139825	6211.150482824887	1.0410781523760575	0.008	1
 0.50    7.44691    7.14164    6.20509    5.09637    5.35163    5.29884    5.03407    4.78312    4.56881    4.43324    4.10849    4.06837    3.85477    3.76560    3.65072    3.52267    3.40865
-0.07706985309203897	5924.682086678534	0.9623128886706677	0.008	1
 0.50    8.62986    8.22464    7.03108    5.69536    5.92169    5.81300    5.50292    5.21425    4.97431    4.82254    4.46433    4.41808    4.17247    4.07307    3.94692    3.80344    3.67356
0.35938971775392015	6662.2718352898155	1.1945252071742352	0.008	1
 1.00    5.97343    5.76400    5.10101    4.25467    4.49121    4.47338    4.26773    4.06597    3.88794    3.77405    3.49937    3.46761    3.29604    3.22119    3.12239    3.01662    2.92515
-0.25548465053748826	5576.959614148356	0.8831491661649642	0.008	1
 0.50   10.24651    9.67927    8.14632    6.47773    6.62276    6.41425    6.05163    5.71453    5.44145    5.26706    4.86697    4.81258    4.52325    4.40977    4.26861    4.10429    3.95306
3.6233191130847318	21368.071166264475	7.625428648733216	0.008	1
 4.00   -3.98487   -3.99370   -3.85825   -3.43292   -2.60295   -2.19007   -2.12759   -2.05702   -2.02020   -1.97841   -1.88805   -1.87122   -1.67368   -1.65535   -1.61495   -1.59818   -1.58264
0.31733239641837174	6589.034921360947	1.1692766371234227	0.008	1
 1.00    6.17477    5.95248    5.25620    4.37599    4.61883    4.59875    4.38471    4.17590    3.99236    3.87527    3.59256    3.55948    3.38126    3.30403    3.20255    3.09296    2.99770
-0.001657848408773061	6062.158515144749	0.9981579996347459	0.008	1
 0.50    8.03477    7.68442    6.62222    5.40083    5.64638    5.56850    5.28075    5.01079    4.78347    4.63977    4.29793    4.25475    4.02532    3.93105    3.81053    3.67473    3.55276
-0.3617691350313829	5363.522878076556	0.8394449355306576	0.008	1
 0.00   11.25036   10.58744    8.89803    7.00360    7.07667    6.79561    6.40093    6.03129    5.73550    5.54533    5.11696    5.05694    4.73636    4.61278    4.46125    4.28175    4.11495
0.7103258366604797	7587.0651856651275	1.4326152655392514	0.008	1
 1.00    4.27818    4.16473    3.80092    3.30771    3.42811    3.40014    3.27206    3.14169    3.02934    2.95411    2.77996    2.76307    2.66074    2.61537    2.55105    2.49096    2.44244
0.3865706628462065	6712.226842540985	1.2112098568291503	0.008	1
 1.00    5.84164    5.64064    4.99984    4.17626    4.40838    4.39192    4.19185    3.99480    3.82050    3.70877    3.43954    3.40867    3.24156    3.16833    3.07136    2.96817    2.87926
0.2955515951146616	6552.585260658962	1.1564651478686425	0.008	1
 1.00    6.28018    6.05083    5.33717    4.43980    4.68528    4.66366    4.44525    4.23281    4.04651    3.92782    3.64112    3.60737    3.42577    3.34735    3.24453    3.13304    3.03587
0.7290528146520886	7656.613386561326	1.4470660680678067	0.008	1
 1.00    4.19004    4.08108    3.73282    3.26053    3.37206    3.34213    3.21861    3.09276    2.98507    2.91265    2.74587    2.72994    2.63176    2.58853    2.52680    2.46985    2.42408
-0.0841860086485617	5911.37283947965	0.9590024089026256	0.008	1
 0.50    8.68899    8.27813    7.07141    5.72422    5.94830    5.83639    5.52414    5.23362    4.99243    4.83984    4.48003    4.43346    4.18624    4.08632    3.95962    3.81538    3.68472
-0.08318794435539063	5913.243078819183	0.959465904202541	0.008	1
 0.50    8.68068    8.27060    7.06574    5.72016    5.94457    5.83311    5.52116    5.23090    4.98989    4.83742    4.47783    4.43131    4.18431    4.08446    3.95785    3.81371    3.68316
1.5448609278073708	11295.47928479766	2.2905234249860293	0.008	1
 1.00    1.14599    1.13253    1.10922    1.17315    1.44746    1.52617    1.53176    1.53785    1.54008    1.54438    1.55781    1.56262    1.60021    1.60400    1.61085    1.61528    1.62001
1.7112098862914484	12085.140066418277	2.5285179066125476	0.008	1
 1.00    0.65367    0.64867    0.64733    0.75871    1.13505    1.24990    1.26258    1.27639    1.28307    1.29160    1.31559    1.32330    1.38298    1.38875    1.39964    1.40664    1.41408
2.2936313528183043	14993.589819960522	3.6009214337177196	0.008	1
 1.00   -0.89818   -0.88562   -0.82289   -0.57531    0.07108    0.28467    0.31504    0.34831    0.36738    0.38721    0.43890    0.45557    0.57547    0.58590    0.60627    0.61991    0.63505
-0.4204529126513135	5246.9112633574505	0.8162866121165729	0.008	1
 0.00   11.77189   11.07966    9.33439    7.30606    7.33518    7.01255    6.60046    6.21211    5.90333    5.70407    5.25960    5.19632    4.85731    4.72764    4.56998    4.38107    4.20455
-0.38859127486186285	5310.007612230816	0.8287787777230882	0.008	1
 0.00   11.48861   10.81212    9.09705    7.14160    7.19466    6.89465    6.49203    6.11387    5.81217    5.61786    5.18216    5.12065    4.79166    4.66531    4.51098    4.32719    4.15595
0.5022731374484503	6958.940776921791	1.2856239730211605	0.008	1
 1.00    5.28634    5.11801    4.57266    3.85452    4.05818    4.04274    3.86668    3.69083    3.53465    3.43348    3.19133    3.16471    3.01821    2.95297    2.86515    2.77461    2.69797
0.2493404888890331	6477.411298351639	1.1298629609625979	0.008	1
 0.50    6.50658    6.26298    5.51077    4.57499    4.82605    4.80093    4.57331    4.35319    4.16104    4.03891    3.74389    3.70876    3.52027    3.43943    3.33388    3.21857    3.11757
0.8478369447550523	8135.364344946154	1.543145486020452	0.008	1
 1.00    3.64673    3.56477    3.30824    2.96268    3.02044    2.97853    2.88565    2.79037    2.71373    2.66026    2.54189    2.53167    2.45899    2.42944    2.38497    2.34759    2.31840
2.0487548924296557	13733.490412043362	3.099109358320396	0.008	1
 1.00   -0.26873   -0.26211   -0.22667   -0.03446    0.51510    0.69123    0.71472    0.74034    0.75435    0.76963    0.81039    0.82369    0.92094    0.92956    0.94626    0.95734    0.96953
-0.23241872715904585	5623.108207889225	0.8929558197429598	0.008	1
 0.50   10.01702    9.47211    7.98324    6.36673    6.52622    6.33360    5.97771    5.64748    5.37918    5.20820    4.81396    4.76072    4.47766    4.36624    4.22722    4.06589    3.91772
-0.13302301070802333	5818.518365924893	0.9366400331138122	0.008	1
 0.50    9.10347    8.65167    7.35522    5.92678    6.13338    5.99807    5.67121    5.36795    5.11807    4.95977    4.58878    4.54009    4.28167    4.17825    4.04776    3.89833    3.76233
-0.29264388907810207	5502.329773193516	0.8675982685642871	0.008	1
 0.50   10.62132   10.01889    8.41482    6.65906    6.77967    6.54475    6.17144    5.82309    5.54214    5.36207    4.95243    4.89616    4.59650    4.47966    4.33499    4.16576    4.00951
3.5273176268837454	21113.581725357417	7.284028622876808	0.008	1
 4.00   -3.73791   -3.74596   -3.61228   -3.19568   -2.37618   -1.96624   -1.90469   -1.83547   -1.80035   -1.76003   -1.67547   -1.65921   -1.46741   -1.45000   -1.41164   -1.39555   -1.38052
0.12470749864523996	6277.700786089051	1.0618539919059193	0.008	1
 0.50    7.20088    6.91310    6.02638    4.96310    5.21975    5.17573    4.92067    4.67773    4.46905    4.33692    4.01964    3.98081    3.77375    3.68670    3.57418    3.44936    3.33866
0.04104515992256604	6137.120115811907	1.0191500988853694	0.008	1
 0.50    7.73076    7.40449    6.40859    5.24609    5.49771    5.43361    5.15773    4.89759    4.67690    4.53738    4.20423    4.16263    3.94143    3.84983    3.73225    3.60049    3.48267
-0.04092984302719314	5991.418108474534	0.9793089729845759	0.008	1
 0.50    8.33525    7.95839    6.82988    5.55054    5.78760    5.69477    5.39559    5.11611    4.88238    4.73460    4.38440    4.33968    4.10208    4.00520    3.88182    3.74209    3.61609
0.023889742999598285	6107.274297267427	1.0106533763727439	0.008	1
 0.50    7.85104    7.51526    6.49338    5.30779    5.55711    5.48763    5.20704    4.94301    4.71970    4.57853    4.24194    4.19971    3.97527    3.88262    3.76388    3.63054    3.51108
-0.3238423294119871	5439.597347708053	0.854770135602863	0.008	1
 0.00   10.90550   10.27496    8.63131    6.81364    6.91311    6.65755    6.27461    5.91672    5.62913    5.44454    5.02651    4.96856    4.65955    4.53971    4.39197    4.21817    4.05723
2.3925515268222317	15480.523280083054	3.8213232605205087	0.008	1
 1.00   -1.14497   -1.13045   -1.05727   -0.78974   -0.11292    0.11355    0.14642    0.18249    0.20344    0.22498    0.28067    0.29844    0.42598    0.43709    0.45882    0.47338    0.48952
1.8820207500998454	12902.42536892938	2.8005088600666688	0.008	1
 1.00    0.17608    0.17775    0.19507    0.34798    0.81834    0.96582    0.98425    1.00433    1.01481    1.02687    1.05974    1.07040    1.15015    1.15745    1.17147    1.18065    1.19059
1.5930428399394014	11527.922169909443	2.3574060717584637	0.008	1
 1.00    0.99959    0.98883    0.97267    1.05181    1.35686    1.44672    1.45465    1.46327    1.46694    1.47262    1.48945    1.49509    1.53946    1.54391    1.55210    1.55735    1.56291
-0.28140265679155224	5524.929035361746	0.8722709818993676	0.008	1
 0.50   10.50732    9.91542    8.33286    6.60389    6.73203    6.50521    6.13510    5.79018    5.51163    5.33330    4.92657    4.87087    4.57436    4.45855    4.31495    4.14721    3.99249
1.441883987233236	10825.72977093209	2.1574966317543183	0.008	1
 1.00    1.46504    1.44558    1.40563    1.43467    1.64735    1.70191    1.70182    1.70177    1.70055    1.70155    1.70710    1.71036    1.73371    1.73588    1.73946    1.74198    1.74493
-0.16907985392550187	5748.464905299613	0.9205176500365776	0.008	1
 0.50    9.42025    8.93695    7.57270    6.08062    6.27248    6.11860    5.78102    5.46814    5.21162    5.04890    4.66943    4.61911    4.35214    4.24605    4.11268    3.95929    3.81922
